$ANSIBLE_VAULT;1.1;AES256
62396162666236323038643935666134363762313463633731613965373237336462306634656464
3362616131373734653039343633303235326332333236390a356539363964313131383062613639
64613734383631386332333764626534623063383464616536353436373535613233356564613939
3366383632343065380a646535633638353932316161313964623636383230616232623866643865
62633762643734346231303365346162306530363836366238656633656166383332373934346638
39393066326334343434623838633662313635306365613131343062383562653737393638653563
30303131333132373936303836313133636632616638663233633036396432626139376531363234
39366533623066393939633435313963623365333831353237656431646365613735646135373833
63643065663939303033336166313161323666663431383835333961306665656230616665383431
30333633346461643732323036383131616633363039393434666230326631336134383634396263
36323034616433626165363665613165626134643639376337323363343061626435363630653334
35313064303833663938316637356565383037363364613932343839366330366233656562653862
63316636303062656532663936313566633963636132393661643236376331646563303936656336
64306131313565313831386136663761376232633831373838346237633233666332386435383732
62623137393937666565653465393230613365666132633234396439633238303665326331666561
63333938656134666439636233653265613036336637623864623563656662303166326235373233
31313164353664396235386534636334653964346465326238396566346562366262633461393564
30333766626230386337363338646430633435393465646261623432666264666138343162653362
32616166386162616431323638373438373232383838323565666266316261666134626361386335
39386631633334653639613030323633356133396234636339643533323730623237393133363037
34643563313633353830396237396363383034346230643065636336616638366430363261323962
38663737393430616139353665303761353464656361633664643231393165333830616664633364
66336130333231616232616539643430386531363039613366626134346433326461383334623164
63633638313736623936363539656166393739393264393463656132613937343733663038303133
64333465353434393035373339393032386638653934383637323733366162653433366361336135
66396432373062326263613561643965326235643063633936393138653966363839643563633434
34393765316263396261363361396136626236663166303531396230396464373866343762396533
64343430626530353735383832353038326636373035383830313635626631353839653131326532
64323765333934303265376330636132303365623564666130646631343837626464656630363835
33663835373937613566396261396265643163383161386166313365616330343237376463646336
66633434616231393064633438636135616335323334643438613563323166336166363864396565
34376431616432336237663532623736346262343737666235353334303965663030316461663234
38623538333630303764343332383533303635353562386633363661376563326366376634616131
61323338323038623265623263653662633163373165393534316264663164383332663237353532
36363234643337333534613835623065663563646631616164396665383835396630316165393065
64333137663566393534383762393737343338303634663932623865306463373139323665306564
38323361663237333037646565366465333666383064316264393232636661393864326564383563
33663839393666636536353763346632336139333763323865393666343239383934356539646635
36353737303035653439363663636362656161303036636431363263303364313531323937633238
65643666643933623766323335303136653538653863396530646330636330336131613164663230
61656466363831376436343732643730643330376239626663343539643037393135626232346433
66386435336532396431333031383138353032613165326233383835346630306263636531316232
61323335663766373264363737616564636465313731316132353538386138376633313638666434
61303932386166353938653764396439393336343565366537306238393966333935383962326338
61323531623035383332353938353230323531663264373436343361623662393937306132323062
39663633386635666136643934363864323232343834663063333564646338376531353037643133
64326437323061333736393565373537353336636132363531663937333962323831373765356436
63633466626438356238633461386136316637363632343937353030343862393130613034303564
35376464333939646236353731353963616430396466326536616634376235666339363137616564
38363965396264356564326134366434313338313261633638303330646232653064653534333835
38616163393465383931386634356364333264333036386232363733333731333264333333393331
64326239333637323235353834323263323862323730333362343563663634633438376166383336
63316530653363613862373565663831653361393235373333346430386564613237633033393335
38363038376339666536636333326436663765633464346437646165376662326631623666333336
63363962356239333536653366326235386133363330393632633334613962373561376164616263
64353263653730626436346266383231303730613436363666623336303130666435623861353237
34373130646631623162306537373166313534376262313638393333623839613934393866663337
37633231306633333530333430656139343333366666323637316536623838363166383464333065
32373634616636393662626265666132353439353737313465666334323933653065626231393465
64336239313361336639376231656531623364336465333564333161376263356639333537616434
33386362383333396337326261616466316630353963366434333561313565346436333664366366
30376365306335313030653233383065363966366163353533383034353861363230396361633233
61356535373333376339383661623133613636303837366439393562326664326430373662633830
33373731646562643434623939336266366437343235323663636431616436336436393366376135
64386464383162333032646634356561363962646263663163366535376231663133326233633431
62653563623862653732633464356230393563303534616437613334383331316633643263633962
37643339386639393536663263343261373861633833316230613430316534363266656533636531
31646237343063383662396630663365613738326634303131383038343364623338326433313061
66613130336165373235376234386564636162616235313764313164633864626637326138643439
63396235326434343063393532646662343932353562356336323264623262633332613738303864
61363434646138613062646362343563343233313836316231623764613432616538346337356535
34626332323065666266373239626234636430336636313234336265326565366631613136646234
62313239643736316463333865316536386330326538366635343762316161363862636264396532
34336164393139623166376337363933326661623730623665663863386264336234343037343831
62356330313034383235386336633839656530646634653563336261303064326438306265306161
37303665396637316464663335623364396334616265316433353762313536646236613136636466
61613039303632613037613264623264643262663665376264613730316638373465613433633630
61636533303131353336303336393637613162633438346631643836623939373337383537323835
36373437343031356163303339613830313834376334623965393033316638616332353533616335
33616264366261636136313539663065636662626166333063376232373337353161653032363037
34363934623363396333666665623939656136356236663232396331336565356366373964326663
34343063383535383465333432653234396462633130653432313666316566636234643165313037
39633534653061666531353065383634386631353137663064386534613331316136323639303238
63376438333136313935633964633562653933353134313662363266653963633565613361373835
38623764316136643233633132316430343730353566336465373566336439396564393964383431
63336538353464306334336239393265383364666633666236316539336363303666346134363438
30363231313463326631663032623864343830633562323331396537306464613736646132323236
30626463643063323639
